$ 1 0.000005 10.20027730826997 50 5 50
v 320 432 320 128 0 0 40 18 0 0 0.5
w 320 128 400 128 0
r 400 128 480 128 0 1
w 480 128 544 128 0
w 800 128 800 400 0
w 320 432 400 432 0
174 736 432 864 400 1 1000 0.8267000000000001 Resistance
370 688 128 800 128 1 0
r 480 128 480 208 0 10000
r 480 208 608 208 0 10000
w 608 208 608 272 0
w 480 208 480 256 0
w 480 256 496 256 0
w 496 288 400 288 0
r 400 128 400 208 0 10000
w 400 208 400 288 0
w 400 368 400 432 0
w 400 432 544 432 0
w 544 432 736 432 0
w 544 128 688 128 0
w 608 272 656 272 0
368 656 272 704 272 0 0
r 400 368 400 288 0 10000
w 400 128 400 80 0
w 480 128 480 80 0
p 400 80 480 80 1 0
a 496 272 608 272 8 15 -15 1000000 8.999999773567922 9 100000
g 400 432 400 464 0
