$ 1 0.000005 10.20027730826997 50 5 50
t 656 240 656 192 1 1 -3.2006577701940238 0.6424907763421146 100
t 640 288 640 240 1 1 -2.6775370860621592 0.5231206841318645 100
w 624 240 624 192 0
w 640 192 624 192 0
w 624 192 592 192 0
w 672 192 768 192 0
v 304 464 304 192 0 0 40 30 0 0 0.5
409 480 368 576 368 1 0.6 -27.633259963431126 0.023100000000000002 1
w 640 368 640 288 0
w 528 336 528 192 0
w 528 400 528 464 0
w 592 192 528 192 0
w 640 416 768 416 0
r 768 464 768 416 0 10000
r 768 416 768 192 0 90000
w 768 464 864 464 0
174 864 464 896 368 1 10000 0.44060000000000005 Load
w 896 416 896 192 0
w 896 192 864 192 0
w 576 368 640 368 0
34 zvoltage\q3 0 1.7143528192808883e-7 0 2 3
z 368 464 368 336 2 zvoltage\q3
r 368 336 368 192 0 52000
w 368 336 416 368 0
174 416 368 448 464 1 10000 0.10400000000000001 Voltage
w 448 416 480 384 0
w 528 464 416 464 0
w 416 464 368 464 0
w 368 464 304 464 0
p 944 192 944 464 1 0
w 944 464 864 464 0
w 944 192 896 192 0
g 528 464 528 480 0
370 768 192 864 192 1 0
p 640 416 640 464 1 0
w 768 464 640 464 0
w 640 464 528 464 0
w 640 416 480 416 0
w 480 416 448 352 0
w 448 352 480 352 0
368 640 368 704 368 0 0
368 448 416 448 512 0 0
368 368 336 256 416 0 0
w 528 192 368 192 0
370 304 192 368 192 1 0
368 528 192 528 144 0 0
