$ 1 0.000005 10.20027730826997 50 5 50
t 656 192 656 144 1 1 -0.6937291027383488 0.5738436836352143 100
t 640 240 640 192 1 1 -0.23925551187014804 0.4544735908682007 100
w 624 192 624 144 0
w 640 144 624 144 0
w 672 144 768 144 0
w 576 144 512 144 0
w 640 416 720 416 0
r 768 464 768 416 0 3300
r 768 352 768 144 0 33000
w 768 464 800 464 0
174 864 464 896 368 1 1000 0.9653 Load
w 896 416 896 224 0
r 368 336 368 144 0 3300
w 368 336 416 336 0
174 416 400 448 464 1 50000 0.005 Voltage
w 448 384 480 384 0
w 528 464 416 464 0
w 416 464 400 464 0
p 944 144 944 464 1 0
w 944 464 864 464 0
w 944 144 896 144 0
g 304 464 304 480 0
370 832 144 896 144 1 0
p 720 416 720 464 1 0
w 768 464 720 464 0
w 640 464 592 464 0
w 640 416 464 416 0
w 464 416 464 352 0
w 464 352 480 352 0
368 640 368 720 352 0 0
368 368 336 336 336 0 0
w 400 144 368 144 0
370 576 144 624 144 1 0
368 640 144 640 96 0 0
34 zvoltage\q2.4 0 1.7143528192808883e-7 0 2 2.4
z 368 464 368 336 2 zvoltage\q2.4
r 464 144 400 144 0 2.2
w 400 320 400 368 0
w 400 368 400 464 0
r 400 272 400 320 0 22000
r 400 208 400 144 0 10000
w 400 208 400 240 0
w 400 272 464 272 0
w 464 240 464 208 0
r 464 208 560 208 0 22000
w 560 208 560 256 0
w 560 256 592 256 0
r 464 208 464 144 0 10000
w 640 240 640 288 0
368 592 256 592 192 0 0
p 400 96 464 96 1 0
w 400 144 400 96 0
w 464 144 464 96 0
w 512 144 464 144 0
w 400 464 368 464 0
w 448 384 448 432 0
w 832 464 864 464 0
d 832 464 832 144 2 default
a 480 368 576 368 8 18 0 1000000 1.9868819352800011 1.9870591947395997 100000
w 720 464 640 464 0
370 304 144 368 144 1 0
409 464 256 560 256 1 0.6 -0.46802895910271514 0.023100000000000002 1
w 512 224 512 144 0
w 528 288 528 464 0
p 464 240 400 240 1 0
w 400 240 400 272 0
w 528 288 512 288 0
r 560 256 560 336 0 100
w 560 464 528 464 0
w 560 336 560 464 0
a 608 288 704 288 8 18 0 1000000 0.07405701460031264 1.3374996418375469 100000
w 592 256 608 272 0
174 592 336 624 464 1 10000 0.32180000000000003 Current
w 592 336 416 336 0
w 624 400 608 304 0
368 624 400 720 384 0 0
w 592 464 560 464 0
w 720 416 736 384 0
t 672 448 640 448 0 1 0.6093162317870031 0.6282275769300497 100
r 704 288 704 336 0 10000
w 704 336 672 448 0
r 576 368 640 368 0 1000
r 624 400 640 432 0 10000
368 704 288 704 224 0 0
R 272 144 224 144 0 0 40 18 0 0 0.5
370 368 464 304 464 1 0
r 416 400 416 336 0 10000
368 448 432 480 432 0 0
w 640 368 640 288 0
174 768 416 736 368 1 2000 0.6287 Voltage Trim
p 480 384 480 352 1 0
s 896 144 896 224 0 1 false
162 304 208 304 272 2 default-led 1 0 0 0.01
w 304 272 304 464 0
r 272 208 272 144 0 2200
r 304 144 304 208 0 2200
w 304 208 272 208 0
w 272 144 304 144 0
r 704 288 752 288 0 120000
t 752 288 800 288 0 1 -15.480472765041606 0.6646344200359332 100
w 768 144 800 144 0
w 800 144 832 144 0
162 800 208 800 272 2 default-led 1 0 0 0.01
w 800 304 800 464 0
w 800 464 832 464 0
w 800 208 512 144 0
38 83 0 1 24 Vin
