$ 1 0.000005 10.20027730826997 50 5 50
t 656 192 656 144 1 1 -11.333091731343494 0.7460232919033416 100
t 640 240 640 192 1 1 -10.706438531609024 0.6266531997344691 100
w 624 192 624 144 0
w 640 144 624 144 0
w 672 144 768 144 0
v 304 464 304 144 0 0 40 18 0 0 0.5
w 576 144 512 144 0
w 640 416 768 416 0
r 768 464 768 416 0 2200
r 768 416 768 144 0 10000
w 768 464 832 464 0
174 864 464 896 368 1 1000 0.0149 Load
w 896 416 896 144 0
w 896 144 864 144 0
w 576 368 640 368 0
r 368 336 368 144 0 4700
w 368 336 416 336 0
174 416 336 448 464 1 100000 0.6188 Voltage
w 448 384 480 384 0
w 528 464 416 464 0
w 416 464 400 464 0
w 368 464 304 464 0
p 944 144 944 464 1 0
w 944 464 864 464 0
w 944 144 896 144 0
g 528 464 528 480 0
370 768 144 832 144 1 0
p 640 416 640 464 1 0
w 768 464 720 464 0
w 640 464 560 464 0
w 640 416 464 416 0
w 464 416 464 352 0
w 464 352 480 352 0
368 640 368 704 368 0 0
368 448 400 448 432 0 0
368 368 336 336 336 0 0
w 400 144 368 144 0
370 576 144 624 144 1 0
368 304 144 304 96 0 0
34 zvoltage\q2.4 0 1.7143528192808883e-7 0 2 2.4
z 368 464 368 336 2 zvoltage\q2.4
w 512 96 576 96 0
r 464 144 400 144 0 2.5
r 640 288 640 368 0 22
w 400 320 400 368 0
w 400 368 400 464 0
r 400 272 400 320 0 10000
r 400 208 400 144 0 10000
w 400 208 400 240 0
w 400 272 464 272 0
w 464 240 464 208 0
r 464 208 560 208 0 10000
w 560 208 560 256 0
w 560 256 592 256 0
r 464 208 464 144 0 10000
w 640 240 640 288 0
368 592 256 608 224 0 0
p 400 96 464 96 1 0
w 400 144 400 96 0
w 464 144 464 96 0
w 512 144 464 144 0
w 400 464 368 464 0
w 448 384 448 400 0
w 832 464 864 464 0
d 832 464 832 144 2 default
w 832 144 864 144 0
a 480 368 576 368 8 18 0 1000000 0.9107113844430303 0.9107756216126452 100000
w 720 464 640 464 0
370 304 144 368 144 1 0
409 464 256 560 256 1 0.6 -1.6383027068728224 0.023100000000000002 1
w 512 224 512 144 0
w 528 288 528 464 0
p 464 240 400 240 1 0
w 400 240 400 272 0
w 528 288 512 288 0
r 560 256 560 336 0 100
w 560 464 528 464 0
w 560 336 560 464 0
