$ 1 0.000005 10.20027730826997 50 5 50
t 656 192 656 144 1 1 -6.536241723661556 0.7314877641628108 100
t 640 240 640 192 1 1 -5.924124051668199 0.6121176719933565 100
w 624 192 624 144 0
w 640 144 624 144 0
w 672 144 768 144 0
v 304 464 304 144 0 0 40 18 0 0 0.5
409 480 368 576 368 1 0.6 -12.227834105182778 0.023100000000000002 1
w 528 336 528 224 0
w 528 400 528 464 0
w 576 144 512 144 0
w 640 416 768 416 0
r 768 464 768 416 0 10000
r 768 416 768 144 0 90000
w 768 464 832 464 0
174 864 464 896 368 1 1000 0.0545 Load
w 896 416 896 144 0
w 896 144 864 144 0
w 576 368 640 368 0
r 368 336 368 144 0 22000
w 368 336 416 336 0
174 416 336 448 464 1 10000 0.8069000000000001 Voltage
w 448 384 480 384 0
w 528 464 416 464 0
w 416 464 400 464 0
w 368 464 304 464 0
p 944 144 944 464 1 0
w 944 464 864 464 0
w 944 144 896 144 0
g 528 464 528 480 0
370 768 144 832 144 1 0
p 640 416 640 464 1 0
w 768 464 640 464 0
w 640 464 528 464 0
w 640 416 464 416 0
w 464 416 464 352 0
w 464 352 480 352 0
368 640 368 704 368 0 0
368 448 384 480 432 0 0
368 368 336 336 336 0 0
w 400 144 368 144 0
370 576 144 624 144 1 0
368 304 144 304 96 0 0
34 zener5v 0 1.7143528192808883e-7 0 2 5.6
z 368 464 368 336 2 zener5v
w 304 144 368 144 0
r 464 144 400 144 0 1
r 640 288 640 368 0 1000
409 464 256 560 256 1 0.6 9.53873676479586 0.023100000000000002 1
w 512 224 512 144 0
w 400 320 400 368 0
w 400 368 400 464 0
r 400 272 400 320 0 100000
w 400 320 512 320 0
w 512 320 512 288 0
r 400 272 400 208 0 100000
w 400 144 400 208 0
w 400 272 464 272 0
w 464 240 464 208 0
r 464 208 560 208 0 100000
w 560 208 560 256 0
w 560 256 592 256 0
r 464 208 464 144 0 100000
w 640 240 640 288 0
368 592 256 592 288 0 0
p 400 96 464 96 1 0
w 400 144 400 96 0
w 464 144 464 96 0
w 512 144 464 144 0
w 528 224 512 224 0
w 400 464 368 464 0
w 448 384 448 400 0
w 832 464 864 464 0
d 832 464 832 144 2 default
w 832 144 864 144 0
